0.0
0.668726
0.670214
0.0
-0.0938015
0.276095
0.170192
0.202546
0.668733
0.670221
0.0
0.668739
-0.0133101
0.0396671
0.185933
-0.0322457
0.670227
0.0
0.0
0.0
0.182341
0.0
0.0
0.0
0.0
0.668733
0.670221
0.0
0.202546
-0.0133101
0.0396671
0.185933
0.668739
0.670227
0.0
0.668746
-0.0322457
0.182341
0.276095
0.170192
0.670234
0.0
0.0
0.0
0.18707
0.0
0.0
0.0
0.0
0.668739
0.670227
0.0
0.185933
-0.0322457
0.182341
0.276095
0.668746
0.670234
0.0
0.668753
0.170192
0.18707
-0.0133101
0.0396671
0.670241
0.0
0.0
0.0
-0.141432
0.0
0.0
0.0
0.0
0.668746
0.670234
0.0
0.276095
0.170192
0.18707
-0.0133101
0.668753
0.670241
0.0
0.668759
0.0396671
-0.141432
-0.0322457
0.182341
0.670247
0.0
0.0
0.0
0.053904
0.0
0.0
0.0
0.0
0.668753
0.670241
0.0
-0.0133101
0.0396671
-0.141432
-0.0322457
0.668759
0.670247
0.0
0.668766
0.182341
0.053904
0.170192
0.18707
0.670254
0.0
0.0
0.0
0.219535
0.0
0.0
0.0
0.0
0.668029
0.669517
0.0
-0.0036003
-0.00796942
-0.00108046
-0.00588238
0.668035
0.669523
0.0
0.668042
0.00374448
0.00664703
-0.0201641
0.00953301
0.66953
0.0
0.0
0.0
0.0169937
0.0
0.0
0.0
0.0
0.668035
0.669523
0.0
-0.00588238
0.00374448
0.00664703
-0.0201641
0.668042
0.66953
0.0
0.668048
0.00953301
0.0169937
-0.00796942
-0.00108046
0.669537
0.0
0.0
0.0
0.0
0.0
0.0
0.0
0.0
0.668042
0.66953
0.0
-0.0201641
0.00953301
0.0169937
-0.00796942
0.668048
0.669537
0.0
0.668055
-0.00108046
0.0
0.00374448
0.00664703
0.669543
0.0
0.0
0.0
0.0
0.0
0.0
0.0
0.0
0.668048
0.669537
0.0
-0.00796942
-0.00108046
0.0
0.00374448
0.668055
0.669543
0.0
0.668062
0.00664703
0.0
0.00953301
0.0169937
0.66955
0.0
0.0
0.0
8.3097e-43
0.0
0.0
0.0
